$DATA:
0 8191
       0
       0
       0
       0
       0
       0
       0
       0
       0
       0
       0
       0
       0
       0
       0
       0
       0
       0
       0
       0
       0
       5
     223
    2144
    3537
    4336
    5020
    5365
    5426
    5170
    4802
    4643
    4697
    4646
    4573
    4594
    4439
    4358
    4346
    4541
    4325
    4347
    4309
    4097
    4121
    4068
    4099
    4034
    4050
    3962
    3922
    3795
    3695
    3767
    3699
    3702
    3751
    3697
    3665
    3491
    3596
    3476
    3574
    3553
    3462
    3431
    3409
    3433
    3490
    3412
    3300
    3334
    3402
    3222
    3376
    3290
    3197
    3243
    3127
    3086
    3175
    3082
    3108
    3146
    3053
    3134
    3168
    3121
    3092
    3003
    2945
    2970
    2876
    2970
    3013
    2959
    2923
    3083
    2915
    2814
    2928
    2865
    2778
    2842
    2797
    2796
    2874
    2819
    2755
    2876
    2755
    2865
    2777
    2700
    2631
    2700
    2753
    2764
    2779
    2763
    2862
    2838
    2755
    2867
    2932
    2822
    2917
    2837
    2943
    2978
    3063
    2961
    3074
    3064
    3105
    3094
    3201
    3207
    3244
    3327
    3400
    3386
    3499
    3466
    3675
    3685
    3792
    3886
    4050
    4193
    4346
    4576
    4976
    5974
    8532
   14524
   24324
   34805
   38472
   32230
   20717
   10432
    4524
    2073
    1367
    1294
    1208
    1258
    1219
    1142
    1145
    1261
    1204
    1277
    1210
    1207
    1209
    1202
    1179
    1205
    1247
    1246
    1256
    1249
    1219
    1190
    1235
    1164
    1213
    1176
    1231
    1174
    1156
    1202
    1170
    1244
    1207
    1241
    1238
    1256
    1266
    1236
    1165
    1294
    1254
    1239
    1214
    1170
    1208
    1151
    1250
    1255
    1192
    1192
    1192
    1246
    1196
    1240
    1158
    1225
    1265
    1211
    1182
    1215
    1219
    1172
    1228
    1245
    1198
    1283
    1290
    1212
    1167
    1178
    1151
    1214
    1234
    1229
    1156
    1210
    1238
    1130
    1188
    1254
    1258
    1212
    1219
    1219
    1166
    1195
    1191
    1251
    1131
    1294
    1243
    1188
    1132
    1203
    1265
    1241
    1224
    1285
    1276
    1215
    1200
    1285
    1288
    1222
    1325
    1247
    1295
    1244
    1301
    1228
    1259
    1262
    1315
    1230
    1269
    1249
    1225
    1278
    1259
    1230
    1330
    1236
    1248
    1194
    1240
    1189
    1308
    1240
    1216
    1309
    1307
    1243
    1226
    1268
    1257
    1299
    1309
    1241
    1300
    1294
    1293
    1260
    1351
    1230
    1304
    1327
    1305
    1260
    1295
    1335
    1313
    1334
    1340
    1281
    1383
    1290
    1228
    1422
    1277
    1339
    1300
    1276
    1346
    1312
    1351
    1250
    1256
    1313
    1339
    1237
    1266
    1332
    1357
    1363
    1298
    1305
    1286
    1307
    1354
    1289
    1336
    1315
    1314
    1332
    1328
    1307
    1305
    1352
    1353
    1338
    1419
    1315
    1227
    1351
    1330
    1345
    1300
    1400
    1339
    1346
    1347
    1288
    1384
    1325
    1360
    1371
    1351
    1324
    1333
    1349
    1333
    1348
    1374
    1326
    1338
    1312
    1347
    1340
    1377
    1322
    1350
    1363
    1369
    1307
    1376
    1440
    1317
    1316
    1388
    1399
    1362
    1383
    1313
    1320
    1293
    1319
    1357
    1329
    1349
    1273
    1344
    1391
    1342
    1296
    1331
    1353
    1346
    1368
    1372
    1388
    1398
    1385
    1336
    1341
    1381
    1353
    1330
    1383
    1346
    1379
    1355
    1380
    1416
    1342
    1370
    1444
    1386
    1425
    1349
    1369
    1319
    1414
    1387
    1376
    1431
    1393
    1438
    1370
    1469
    1401
    1381
    1426
    1454
    1448
    1475
    1458
    1434
    1380
    1416
    1418
    1487
    1487
    1498
    1417
    1438
    1402
    1480
    1491
    1475
    1427
    1492
    1488
    1491
    1494
    1475
    1538
    1523
    1565
    1534
    1586
    1563
    1596
    1604
    1725
    1648
    1628
    1689
    1688
    1823
    1821
    1779
    1846
    1865
    1880
    1925
    1876
    1902
    1954
    1982
    1953
    1960
    1926
    1891
    1983
    1927
    1922
    1880
    1815
    1905
    1933
    1853
    1877
    1873
    1858
    1843
    1810
    1750
    1775
    1586
    1712
    1772
    1783
    1794
    1724
    1697
    1646
    1708
    1623
    1718
    1627
    1701
    1614
    1692
    1669
    1602
    1679
    1610
    1668
    1622
    1657
    1590
    1560
    1569
    1663
    1561
    1557
    1569
    1533
    1569
    1556
    1506
    1534
    1587
    1582
    1599
    1591
    1622
    1583
    1552
    1617
    1577
    1655
    1629
    1594
    1663
    1657
    1600
    1660
    1585
    1620
    1687
    1678
    1639
    1591
    1691
    1674
    1607
    1594
    1577
    1651
    1696
    1714
    1618
    1667
    1564
    1566
    1503
    1597
    1542
    1549
    1577
    1555
    1531
    1550
    1549
    1520
    1518
    1479
    1507
    1470
    1500
    1552
    1461
    1543
    1394
    1433
    1433
    1412
    1397
    1404
    1451
    1436
    1426
    1398
    1389
    1382
    1446
    1396
    1397
    1387
    1339
    1368
    1320
    1374
    1289
    1327
    1397
    1361
    1431
    1444
    1423
    1356
    1390
    1311
    1292
    1320
    1290
    1270
    1272
    1253
    1256
    1299
    1285
    1291
    1287
    1246
    1183
    1242
    1239
    1281
    1232
    1191
    1272
    1209
    1255
    1229
    1192
    1205
    1180
    1225
    1137
    1199
    1152
    1173
    1175
    1151
    1218
    1193
    1185
    1187
    1227
    1212
    1130
    1204
    1152
    1121
    1169
    1231
    1177
    1070
    1243
    1162
    1185
    1118
    1143
    1156
    1167
    1142
    1183
    1159
    1130
    1168
    1126
    1157
    1081
    1151
    1200
    1128
    1181
    1200
    1106
    1174
    1098
    1102
    1142
    1104
    1157
    1080
    1105
    1123
    1102
    1092
    1112
    1178
    1101
    1128
    1129
    1166
    1087
    1098
    1095
    1086
    1165
    1150
    1130
    1072
    1117
    1098
    1148
    1125
    1099
    1094
    1051
    1073
    1089
    1100
    1141
    1122
    1101
    1096
    1141
    1100
    1112
    1080
    1060
    1112
    1092
    1038
    1136
    1088
    1044
    1110
    1026
    1080
    1052
    1121
    1093
    1111
    1088
    1120
    1077
    1076
    1128
    1063
    1043
    1073
    1008
    1137
    1046
    1121
    1164
    1132
    1112
    1072
    1109
    1141
    1068
    1177
    1108
    1110
    1094
    1044
    1059
    1122
    1122
    1047
    1081
    1045
    1066
    1049
    1117
    1042
    1062
    1045
    1070
    1020
    1067
    1053
    1081
    1045
    1001
    1107
    1054
    1090
    1074
    1060
    1043
    1033
    1030
    1023
    1086
    1050
    1113
    1072
    1061
    1150
    1149
    1079
    1111
    1051
    1032
    1087
    1070
    1094
    1049
    1081
    1095
    1068
    1040
    1058
    1048
    1050
    1028
    1092
     995
    1050
    1049
    1022
     994
    1050
    1056
    1107
     969
    1072
    1072
    1095
    1012
    1077
     952
    1032
    1031
    1045
    1017
    1041
    1033
    1029
    1080
     992
    1069
    1037
    1019
    1034
    1077
    1122
    1089
    1055
    1001
    1065
     996
    1037
    1057
    1044
    1041
     998
    1080
    1051
    1062
    1087
    1008
     963
    1082
    1065
    1021
    1015
    1125
    1037
    1025
    1074
    1142
    1083
    1014
    1033
    1033
    1080
    1053
    1045
    1059
    1042
    1028
    1132
    1114
    1074
    1005
     985
    1070
    1027
    1032
    1082
    1133
    1089
    1050
    1079
    1094
    1005
    1103
    1025
    1098
    1052
    1133
    1069
    1030
    1095
    1131
    1155
    1180
    1146
    1125
    1111
    1108
    1097
    1045
    1050
    1016
    1011
    1014
    1041
    1060
    1103
    1013
    1078
    1154
    1060
    1039
    1069
    1115
    1047
    1061
    1024
    1084
    1011
    1055
     968
    1077
    1045
    1039
    1026
     996
    1030
    1043
    1067
    1063
    1121
    1071
    1014
    1053
    1035
    1038
    1015
    1083
    1045
    1012
    1030
    1017
    1057
    1067
    1059
    1080
    1016
    1061
    1051
    1052
    1065
    1065
    1081
    1074
    1052
    1076
    1063
    1059
    1055
    1076
    1107
    1056
    1090
    1125
    1085
    1102
    1091
    1086
    1076
    1138
     995
    1046
    1102
    1088
    1041
    1085
    1091
    1049
    1108
    1075
    1019
    1012
    1054
    1112
    1079
    1074
    1069
    1130
    1122
    1036
    1047
    1112
    1086
    1068
    1075
    1133
    1063
    1112
    1074
    1090
    1079
    1095
    1150
    1109
    1088
    1100
    1188
    1136
    1095
    1049
    1134
    1126
    1141
    1123
    1011
    1120
    1179
    1108
    1105
    1109
    1085
    1150
    1126
    1083
    1095
    1086
    1121
    1133
    1136
    1128
    1098
    1171
    1166
    1130
    1136
    1125
    1163
    1168
    1179
    1105
    1113
    1155
    1090
    1136
    1144
    1076
    1181
    1151
    1133
    1137
    1105
    1100
    1101
    1112
    1160
    1180
    1162
    1182
    1123
    1140
    1163
    1176
    1143
    1204
    1141
    1182
    1106
    1147
    1188
    1080
    1172
    1140
    1166
    1121
    1204
    1130
    1139
    1182
    1174
    1210
    1179
    1176
    1176
    1235
    1217
    1163
    1187
    1132
    1178
    1118
    1165
    1189
    1230
    1182
    1205
    1225
    1259
    1222
    1191
    1209
    1187
    1206
    1252
    1257
    1183
    1168
    1224
    1254
    1219
    1176
    1222
    1275
    1192
    1204
    1225
    1245
    1212
    1219
    1227
    1328
    1246
    1230
    1230
    1241
    1234
    1228
    1207
    1270
    1226
    1271
    1280
    1262
    1211
    1228
    1245
    1259
    1287
    1303
    1209
    1294
    1257
    1308
    1330
    1290
    1315
    1281
    1349
    1312
    1341
    1261
    1332
    1379
    1284
    1352
    1348
    1278
    1307
    1317
    1346
    1347
    1380
    1327
    1397
    1405
    1314
    1353
    1322
    1366
    1327
    1320
    1389
    1333
    1297
    1388
    1427
    1368
    1427
    1387
    1381
    1460
    1393
    1401
    1408
    1434
    1414
    1434
    1413
    1442
    1409
    1402
    1407
    1454
    1360
    1366
    1478
    1423
    1446
    1436
    1456
    1497
    1489
    1453
    1456
    1443
    1407
    1395
    1449
    1422
    1356
    1378
    1417
    1369
    1362
    1401
    1319
    1392
    1359
    1310
    1211
    1193
    1233
    1251
    1207
    1191
    1121
    1086
    1175
    1045
    1158
    1051
    1047
    1055
    1022
    1044
     998
    1023
     992
     995
     952
     942
     994
     939
     983
     933
     982
     947
     949
     926
     965
     969
     964
     925
     991
     923
     941
     909
     889
     813
     913
     912
     919
     888
     950
     866
     865
     887
     905
     872
     835
     828
     788
     847
     883
     814
     847
     858
     865
     836
     866
     841
     832
     834
     881
     847
     860
     852
     878
     770
     846
     824
     837
     800
     770
     780
     837
     809
     782
     788
     793
     826
     804
     807
     836
     830
     866
     843
     861
     860
     805
     828
     849
     738
     703
     755
     777
     779
     736
     711
     731
     723
     777
     746
     773
     767
     713
     764
     738
     767
     741
     701
     745
     658
     697
     694
     696
     691
     706
     698
     681
     704
     740
     693
     682
     671
     676
     733
     686
     683
     696
     640
     666
     662
     683
     677
     614
     701
     698
     688
     659
     660
     593
     653
     689
     684
     632
     662
     726
     655
     651
     663
     612
     661
     643
     638
     611
     593
     573
     631
     620
     595
     600
     648
     599
     618
     583
     617
     581
     594
     620
     624
     658
     580
     604
     595
     560
     568
     550
     533
     547
     544
     556
     566
     593
     611
     615
     503
     590
     566
     568
     566
     577
     538
     545
     532
     545
     551
     545
     511
     554
     551
     523
     533
     552
     533
     523
     497
     527
     520
     531
     495
     481
     521
     524
     550
     537
     526
     543
     513
     511
     492
     498
     532
     493
     519
     490
     507
     466
     538
     483
     537
     499
     513
     510
     509
     519
     522
     477
     518
     536
     513
     488
     502
     477
     517
     536
     524
     451
     515
     506
     517
     463
     471
     496
     519
     510
     484
     514
     500
     496
     502
     519
     484
     505
     509
     540
     486
     470
     541
     480
     523
     514
     492
     544
     533
     524
     549
     547
     538
     547
     569
     523
     500
     472
     491
     499
     515
     487
     472
     483
     438
     480
     479
     468
     534
     530
     524
     467
     492
     498
     474
     485
     477
     433
     492
     492
     506
     506
     449
     488
     475
     527
     469
     494
     487
     473
     436
     468
     498
     503
     477
     513
     484
     481
     502
     475
     512
     456
     465
     488
     496
     505
     476
     487
     534
     459
     474
     487
     491
     492
     545
     596
     557
     601
     560
     576
     603
     566
     525
     527
     522
     492
     467
     464
     449
     511
     462
     497
     490
     495
     493
     500
     478
     489
     463
     469
     507
     480
     482
     509
     511
     487
     484
     463
     525
     462
     486
     519
     496
     522
     475
     492
     512
     499
     529
     511
     483
     475
     500
     511
     455
     523
     509
     498
     501
     520
     510
     514
     496
     485
     474
     471
     516
     552
     513
     487
     550
     518
     515
     479
     505
     518
     481
     450
     505
     558
     498
     519
     540
     519
     522
     493
     483
     519
     537
     532
     467
     496
     542
     515
     530
     540
     505
     496
     495
     513
     516
     530
     509
     515
     515
     513
     514
     572
     516
     569
     539
     549
     532
     555
     565
     605
     568
     582
     593
     583
     629
     575
     673
     623
     748
     712
     816
     886
     940
    1087
    1290
    1597
    1900
    2441
    3334
    4923
    7929
   12818
   20290
   29385
   40029
   48694
   55313
   58288
   57258
   52480
   43813
   32400
   21096
   11953
    5937
    2554
    1175
     633
     485
     424
     388
     421
     385
     422
     381
     367
     378
     361
     382
     345
     361
     384
     333
     365
     369
     375
     398
     358
     330
     339
     343
     368
     377
     369
     360
     352
     382
     359
     384
     357
     344
     347
     384
     333
     371
     367
     381
     377
     357
     361
     366
     346
     358
     366
     365
     341
     349
     389
     361
     356
     381
     383
     363
     347
     363
     371
     363
     401
     371
     356
     370
     360
     365
     365
     379
     345
     381
     372
     366
     334
     336
     327
     353
     392
     362
     383
     391
     342
     378
     342
     338
     358
     357
     355
     358
     344
     376
     370
     330
     322
     379
     349
     334
     370
     369
     385
     371
     383
     395
     335
     361
     348
     361
     346
     353
     347
     346
     357
     373
     357
     364
     368
     371
     333
     360
     352
     382
     346
     331
     363
     371
     357
     364
     385
     385
     372
     301
     331
     386
     362
     362
     369
     387
     356
     373
     360
     363
     324
     323
     369
     354
     386
     372
     371
     359
     315
     369
     342
     358
     364
     380
     358
     329
     356
     398
     367
     377
     353
     398
     387
     340
     370
     372
     378
     388
     396
     398
     343
     371
     330
     345
     365
     351
     342
     340
     363
     357
     394
     400
     356
     351
     383
     355
     373
     362
     351
     351
     358
     363
     367
     379
     352
     326
     355
     387
     337
     337
     390
     392
     357
     368
     399
     398
     365
     353
     377
     343
     372
     367
     372
     372
     375
     373
     390
     351
     362
     328
     394
     401
     376
     367
     353
     351
     365
     408
     360
     413
     415
     357
     368
     353
     359
     355
     353
     382
     386
     349
     373
     390
     351
     371
     354
     353
     396
     332
     374
     349
     339
     381
     373
     370
     385
     384
     379
     357
     348
     401
     398
     362
     414
     384
     430
     411
     453
     408
     425
     390
     398
     399
     384
     380
     384
     362
     386
     400
     357
     400
     395
     383
     385
     396
     370
     375
     390
     405
     354
     407
     367
     388
     353
     362
     378
     417
     401
     402
     363
     351
     417
     408
     399
     364
     384
     386
     384
     409
     415
     396
     435
     400
     387
     407
     366
     391
     407
     365
     402
     361
     406
     416
     406
     405
     372
     373
     431
     382
     396
     392
     430
     392
     378
     405
     412
     404
     451
     419
     379
     378
     387
     415
     384
     392
     399
     410
     402
     444
     406
     367
     414
     434
     395
     439
     366
     440
     418
     397
     423
     399
     394
     391
     402
     407
     416
     412
     411
     418
     392
     377
     402
     428
     370
     396
     391
     410
     355
     427
     408
     416
     405
     410
     392
     430
     380
     432
     396
     411
     376
     416
     410
     425
     388
     414
     377
     425
     451
     461
     443
     417
     441
     447
     426
     430
     473
     459
     462
     431
     484
     424
     414
     406
     445
     436
     448
     451
     423
     410
     442
     449
     412
     397
     391
     410
     439
     411
     409
     414
     457
     407
     397
     432
     429
     430
     441
     394
     448
     406
     458
     481
     450
     449
     410
     437
     431
     433
     415
     435
     419
     462
     449
     447
     424
     412
     429
     446
     425
     393
     406
     435
     426
     436
     442
     455
     479
     441
     435
     433
     429
     439
     432
     441
     409
     450
     439
     449
     441
     426
     416
     401
     456
     448
     439
     449
     496
     454
     454
     390
     396
     421
     425
     431
     464
     464
     452
     417
     414
     438
     470
     431
     452
     455
     443
     480
     429
     449
     469
     458
     422
     466
     479
     426
     414
     450
     421
     456
     487
     456
     437
     488
     459
     420
     425
     427
     473
     457
     452
     480
     443
     457
     479
     470
     438
     469
     466
     457
     455
     408
     452
     406
     467
     459
     449
     438
     441
     462
     445
     493
     472
     466
     465
     447
     451
     472
     457
     459
     449
     469
     483
     476
     439
     479
     465
     467
     468
     467
     455
     484
     481
     479
     504
     481
     478
     474
     524
     510
     494
     482
     455
     494
     444
     470
     513
     459
     480
     480
     479
     502
     486
     472
     512
     496
     487
     474
     479
     478
     501
     513
     472
     496
     506
     479
     506
     528
     482
     470
     487
     489
     526
     483
     509
     492
     491
     532
     506
     502
     515
     449
     538
     502
     456
     492
     512
     524
     490
     535
     497
     501
     545
     520
     503
     485
     522
     527
     558
     557
     518
     566
     542
     550
     586
     546
     532
     553
     525
     541
     562
     516
     547
     518
     499
     502
     535
     545
     503
     512
     536
     538
     549
     555
     514
     503
     501
     487
     495
     527
     568
     546
     553
     550
     577
     499
     493
     547
     528
     553
     572
     531
     548
     546
     524
     520
     555
     530
     560
     599
     589
     567
     577
     564
     578
     516
     585
     575
     568
     541
     567
     563
     579
     576
     613
     571
     566
     529
     560
     588
     584
     544
     558
     570
     601
     636
     590
     595
     530
     550
     581
     576
     610
     571
     548
     592
     586
     598
     597
     537
     565
     607
     621
     581
     586
     578
     618
     575
     583
     600
     606
     629
     581
     624
     615
     613
     607
     603
     577
     668
     600
     616
     645
     621
     624
     641
     630
     589
     599
     579
     637
     629
     634
     599
     597
     620
     599
     592
     569
     651
     611
     630
     607
     618
     605
     602
     594
     578
     584
     566
     541
     547
     541
     535
     547
     520
     556
     538
     539
     485
     503
     536
     552
     509
     518
     526
     522
     499
     482
     481
     507
     495
     490
     463
     466
     447
     472
     474
     508
     489
     490
     449
     488
     471
     424
     473
     462
     455
     485
     472
     475
     465
     470
     456
     456
     449
     455
     435
     494
     443
     467
     456
     433
     465
     470
     435
     484
     453
     469
     461
     462
     516
     479
     440
     471
     470
     411
     443
     433
     438
     422
     449
     504
     430
     455
     459
     481
     440
     432
     446
     451
     433
     436
     421
     514
     455
     471
     427
     443
     473
     433
     432
     443
     474
     462
     479
     416
     449
     449
     456
     453
     426
     448
     425
     463
     446
     438
     422
     431
     381
     444
     420
     387
     416
     392
     393
     465
     431
     423
     422
     441
     429
     403
     444
     449
     421
     429
     403
     458
     430
     406
     428
     448
     438
     390
     437
     396
     425
     440
     442
     460
     419
     436
     450
     426
     424
     422
     437
     392
     474
     429
     450
     397
     431
     453
     398
     424
     446
     430
     413
     432
     422
     434
     439
     436
     398
     424
     415
     409
     430
     463
     426
     386
     409
     409
     408
     403
     399
     390
     407
     427
     428
     432
     409
     404
     423
     401
     357
     421
     390
     407
     378
     431
     382
     385
     452
     402
     365
     413
     404
     397
     426
     392
     401
     397
     364
     422
     408
     389
     456
     393
     378
     384
     344
     383
     377
     377
     388
     389
     399
     415
     404
     415
     402
     381
     361
     408
     412
     408
     401
     409
     411
     407
     409
     403
     382
     364
     374
     374
     385
     331
     365
     394
     385
     400
     403
     420
     392
     382
     416
     424
     371
     404
     378
     358
     363
     398
     425
     382
     394
     397
     373
     393
     408
     384
     408
     375
     372
     403
     406
     398
     383
     368
     414
     393
     393
     369
     395
     401
     380
     390
     361
     363
     406
     379
     396
     359
     387
     443
     391
     382
     398
     392
     400
     420
     422
     411
     376
     383
     410
     391
     405
     375
     366
     371
     391
     390
     386
     356
     390
     427
     392
     392
     369
     411
     397
     394
     379
     389
     443
     405
     394
     382
     408
     414
     398
     389
     408
     408
     407
     414
     405
     365
     415
     408
     391
     380
     400
     389
     440
     414
     433
     432
     450
     400
     429
     432
     446
     410
     428
     387
     428
     409
     430
     454
     383
     411
     457
     446
     434
     433
     406
     398
     461
     445
     461
     444
     413
     459
     440
     400
     407
     439
     449
     424
     450
     426
     440
     405
     444
     375
     415
     417
     398
     431
     379
     418
     412
     405
     418
     409
     399
     412
     445
     400
     419
     407
     394
     401
     402
     390
     392
     396
     415
     389
     390
     362
     386
     366
     388
     375
     358
     375
     346
     381
     299
     344
     320
     342
     308
     302
     324
     321
     344
     302
     329
     323
     271
     294
     319
     292
     297
     311
     269
     282
     319
     347
     294
     293
     314
     318
     330
     345
     292
     305
     294
     286
     323
     302
     279
     319
     294
     290
     295
     305
     300
     292
     284
     291
     262
     306
     294
     261
     310
     245
     254
     265
     318
     291
     277
     274
     264
     285
     276
     256
     274
     268
     262
     277
     270
     253
     273
     277
     292
     245
     258
     279
     278
     288
     266
     258
     290
     297
     296
     242
     283
     269
     271
     274
     284
     275
     285
     263
     288
     263
     293
     278
     276
     271
     275
     285
     279
     289
     293
     313
     339
     297
     332
     355
     366
     371
     435
     431
     453
     526
     544
     627
     713
     799
     926
    1066
    1275
    1524
    2050
    2754
    3849
    5130
    6667
    8188
    9569
   11120
   11643
   12233
   12655
   12800
   12701
   12469
   11843
   10868
    9637
    8021
    5872
    4111
    2621
    1554
     874
     494
     332
     272
     248
     233
     218
     239
     242
     231
     209
     216
     205
     203
     208
     196
     206
     211
     220
     210
     202
     208
     172
     212
     210
     199
     220
     190
     222
     198
     178
     180
     221
     207
     193
     181
     207
     194
     183
     210
     199
     190
     195
     156
     173
     192
     175
     180
     183
     179
     187
     183
     180
     166
     178
     182
     152
     185
     169
     163
     189
     165
     152
     164
     161
     159
     195
     176
     155
     162
     173
     130
     150
     178
     151
     149
     176
     167
     161
     158
     171
     149
     163
     158
     169
     127
     134
     140
     139
     167
     115
     150
     149
     143
     134
     158
     127
     141
     131
     133
     129
     139
     104
     121
     132
     139
     139
     151
     132
     136
     141
     131
     133
     143
     126
     140
     123
     117
     112
     134
     123
     125
     124
     112
     124
     108
     148
     129
     114
     130
     140
     145
     111
     134
     138
     122
     128
     120
     126
     122
     132
     114
     126
     146
     132
     115
     112
     116
     133
     107
     130
     135
     112
     117
     118
     136
     135
     119
     108
     127
     122
     133
     138
     124
     115
     119
     127
     119
     103
     109
     113
     111
     116
     111
     109
     104
      91
     103
     110
     101
      91
     107
      88
     107
     105
      98
     129
     104
     112
     107
      95
      88
      88
      86
      99
      89
      93
      98
     111
     112
     107
     106
     104
     104
      91
     103
      99
      90
      89
     100
      94
      97
      84
      98
     105
     112
      98
     108
     102
     115
      94
      94
      97
     122
     100
     104
      98
     101
     105
      91
      91
     105
      86
      90
     106
     114
     100
     103
     100
      86
      96
     102
      87
      87
     107
      96
      85
     103
      81
     120
      98
      99
      85
     109
      90
     102
     101
      94
      90
     116
     104
      94
     101
     111
      93
      87
      96
      86
     107
      91
      98
      94
      88
     102
      92
     106
      89
      86
      97
      98
      85
      86
      89
      91
     104
     103
      84
     112
      92
      93
     106
     109
      78
      85
     104
      98
      89
      90
     109
     103
      92
     101
      99
      78
      98
      98
      77
      92
      98
      86
      98
      97
     100
     103
      93
      97
      94
      99
      97
      84
      87
     111
     103
      95
     121
     103
      88
     114
      92
      97
      91
      96
      94
     104
      99
     101
      91
      93
      97
     117
      91
     112
      97
      81
     102
     110
     103
     104
     112
     104
     105
     100
     114
     105
     111
     109
      95
     118
      99
      97
     109
     112
      99
     107
     116
     121
     108
     134
     144
     125
     130
     138
     162
     176
     174
     191
     206
     214
     205
     265
     256
     351
     373
     400
     477
     498
     603
     694
     816
    1058
    1308
    1769
    2263
    3104
    4026
    5278
    6498
    7612
    8479
    9243
    9547
    9940
   10055
   10248
   10138
    9853
    9841
    9100
    8386
    7155
    5799
    4426
    3033
    1960
    1136
     621
     333
     210
     142
     120
      91
      94
      95
      73
      95
      79
      98
      89
      93
      74
      87
      88
      83
      90
      82
      92
      77
      74
      91
      89
      92
      83
      79
      81
      83
      93
      81
      80
      76
      82
      87
      74
      71
      84
      87
      71
      78
      83
      87
      77
      72
      81
      76
      63
      70
      76
      69
      63
      71
      78
      75
      70
      64
      78
      74
      82
      69
      74
      76
      87
      50
      84
      75
      70
      82
      74
      68
      70
      74
      78
      77
      75
      81
      81
      71
      90
      80
      80
      92
      80
      72
      72
      78
      63
      84
      67
      68
      64
      68
      73
      63
      70
      60
      53
      76
      70
      90
      80
      75
      73
      99
      79
      68
      69
      66
      79
      71
      63
      85
      82
      76
      81
      69
      74
      84
      88
      77
      76
      81
      71
      94
      94
      87
      74
      69
      64
      83
      82
      76
      68
      83
      68
      72
      84
      77
      70
      81
      79
      77
      74
      83
      73
      61
      97
      85
      80
      72
      70
      70
      74
      79
      79
      79
      74
      77
      81
      74
      77
      88
      87
      76
      82
      81
      85
      70
      67
      59
      72
      78
      72
      65
      73
      52
      71
      84
      79
      71
      71
      69
      67
      82
      81
      85
      77
      63
      63
      75
      76
      61
      70
      56
      70
      68
      73
      66
      55
      71
      54
      73
      60
      64
      64
      78
      62
      63
      50
      63
      59
      81
      55
      55
      62
      55
      64
      57
      56
      72
      68
      68
      59
      61
      60
      94
      56
      67
      63
      56
      61
      75
      81
      60
      64
      52
      54
      72
      71
      57
      75
      75
      68
      51
      54
      70
      80
      64
      75
      67
      65
      53
      58
      61
      63
      66
      54
      63
      77
      74
      48
      56
      74
      65
      57
      51
      62
      62
      55
      52
      62
      61
      62
      56
      69
      55
      59
      68
      63
      53
      58
      51
      50
      58
      57
      54
      69
      61
      63
      65
      71
      54
      52
      58
      71
      60
      69
      64
      63
      68
      59
      67
      55
      69
      70
      70
      59
      70
      87
      83
     106
     101
     114
     129
     128
     139
     153
     161
     160
     149
     157
     160
     160
     145
     144
     160
     124
     125
     108
      98
      86
      70
      71
      65
      62
      67
      66
      56
      66
      58
      67
      47
      62
      48
      71
      65
      51
      55
      62
      49
      65
      57
      55
      59
      62
      60
      56
      64
      62
      62
      51
      57
      63
      59
      56
      51
      50
      54
      57
      56
      49
      64
      66
      51
      62
      55
      57
      58
      45
      65
      53
      65
      66
      61
      62
      57
      55
      57
      56
      48
      55
      72
      49
      63
      47
      58
      62
      52
      55
      54
      56
      50
      54
      71
      56
      52
      59
      39
      56
      68
      56
      54
      56
      51
      52
      57
      60
      52
      57
      66
      57
      54
      63
      67
      50
      65
      41
      54
      60
      62
      48
      61
      72
      52
      64
      52
      54
      68
      65
      58
      60
      66
      65
      66
      47
      50
      66
      67
      57
      39
      47
      60
      58
      67
      62
      69
      61
      56
      59
      60
      58
      49
      64
      53
      46
      68
      44
      66
      69
      64
      53
      50
      53
      54
      69
      60
      53
      66
      48
      47
      47
      54
      49
      53
      41
      62
      60
      53
      51
      42
      67
      66
      50
      65
      54
      49
      50
      51
      55
      65
      56
      56
      55
      53
      48
      63
      57
      55
      65
      45
      56
      64
      58
      64
      65
      65
      60
      57
      62
      71
      67
      52
      63
      52
      70
      54
      59
      47
      58
      71
      67
      65
      82
      52
      76
      64
      53
      55
      66
      69
      56
      63
      59
      78
      56
      78
      45
      56
      80
      58
      55
      53
      55
      63
      68
      75
      59
      60
      55
      57
      57
      59
      57
      60
      55
      49
      63
      52
      56
      57
      66
      63
      60
      62
      62
      47
      56
      70
      55
      59
      69
      62
      52
      60
      53
      56
      68
      46
      57
      62
      59
      42
      51
      59
      60
      57
      51
      74
      52
      54
      52
      45
      62
      59
      60
      55
      49
      56
      56
      45
      63
      46
      61
      53
      55
      66
      55
      63
      51
      54
      57
      49
      46
      53
      49
      49
      55
      54
      61
      46
      50
      71
      48
      48
      61
      61
      55
      58
      46
      81
      51
      50
      63
      65
      51
      53
      54
      50
      43
      47
      74
      67
      54
      54
      55
      55
      67
      51
      63
      55
      49
      48
      55
      53
      49
      65
      68
      54
      70
      55
      53
      55
      58
      43
      41
      51
      51
      43
      58
      51
      49
      48
      49
      49
      44
      50
      55
      44
      46
      43
      49
      42
      56
      42
      47
      53
      43
      43
      54
      55
      56
      51
      42
      53
      38
      40
      50
      39
      49
      59
      47
      48
      37
      58
      36
      39
      52
      55
      45
      62
      52
      36
      51
      41
      49
      53
      49
      47
      49
      41
      51
      39
      48
      43
      50
      59
      32
      44
      66
      50
      54
      51
      48
      55
      61
      41
      52
      40
      53
      48
      58
      51
      53
      53
      36
      54
      40
      41
      43
      54
      45
      55
      56
      47
      61
      55
      50
      57
      49
      47
      46
      39
      47
      49
      44
      56
      57
      59
      52
      50
      46
      53
      53
      43
      50
      42
      46
      41
      60
      59
      50
      40
      51
      48
      46
      47
      36
      59
      49
      48
      57
      46
      45
      46
      51
      45
      45
      50
      48
      55
      56
      51
      45
      48
      42
      50
      48
      52
      42
      51
      47
      52
      56
      46
      44
      49
      59
      33
      51
      53
      37
      53
      51
      38
      40
      45
      47
      46
      55
      41
      53
      48
      58
      47
      45
      46
      58
      41
      46
      54
      57
      46
      44
      39
      35
      56
      42
      52
      47
      24
      57
      38
      35
      54
      42
      41
      50
      38
      34
      54
      52
      41
      61
      44
      56
      38
      35
      49
      47
      42
      42
      37
      46
      53
      29
      42
      48
      49
      53
      37
      49
      71
      38
      45
      43
      43
      37
      47
      54
      52
      51
      37
      53
      46
      42
      48
      38
      46
      46
      52
      48
      58
      48
      41
      39
      45
      48
      31
      53
      46
      60
      38
      42
      38
      49
      34
      42
      39
      43
      40
      51
      41
      45
      42
      36
      39
      46
      44
      53
      47
      37
      48
      46
      49
      43
      54
      45
      46
      43
      48
      33
      47
      62
      45
      34
      46
      55
      61
      43
      43
      41
      47
      50
      43
      48
      52
      47
      34
      36
      39
      64
      32
      39
      54
      45
      44
      42
      42
      54
      38
      38
      43
      42
      44
      44
      45
      55
      49
      60
      32
      46
      43
      36
      43
      44
      39
      48
      63
      45
      38
      37
      37
      47
      50
      42
      52
      58
      44
      50
      49
      31
      55
      56
      49
      43
      46
      47
      47
      38
      46
      42
      44
      50
      36
      39
      45
      48
      48
      56
      38
      49
      35
      38
      46
      46
      48
      39
      50
      48
      49
      43
      37
      38
      57
      58
      41
      53
      44
      46
      40
      43
      44
      48
      56
      46
      38
      41
      36
      34
      30
      23
      44
      47
      44
      53
      34
      42
      46
      33
      37
      55
      53
      48
      51
      55
      42
      45
      29
      39
      36
      46
      48
      53
      49
      38
      44
      36
      39
      45
      46
      50
      36
      44
      38
      46
      46
      48
      56
      39
      58
      56
      74
      58
      74
      79
      69
      63
      51
      68
      63
      68
      77
      69
      59
      64
      66
      62
      68
      51
      39
      55
      48
      45
      32
      55
      51
      31
      51
      43
      37
      44
      44
      40
      31
      61
      46
      43
      37
      35
      43
      41
      39
      44
      43
      24
      41
      36
      39
      47
      42
      30
      53
      46
      38
      42
      43
      25
      44
      50
      36
      41
      51
      34
      45
      50
      39
      49
      47
      41
      40
      43
      48
      52
      40
      52
      38
      35
      36
      49
      46
      48
      54
      44
      44
      36
      38
      37
      34
      41
      34
      49
      50
      55
      52
      42
      46
      38
      37
      49
      42
      43
      42
      43
      50
      37
      43
      26
      38
      45
      45
      37
      42
      47
      41
      45
      50
      39
      44
      41
      37
      49
      44
      40
      44
      40
      44
      50
      47
      51
      32
      55
      39
      45
      59
      52
      35
      38
      43
      36
      36
      43
      41
      37
      48
      37
      37
      42
      54
      30
      43
      41
      46
      36
      41
      38
      41
      33
      40
      45
      41
      36
      38
      31
      40
      40
      47
      50
      40
      50
      41
      38
      45
      39
      42
      46
      40
      46
      41
      39
      48
      42
      45
      54
      50
      49
      40
      45
      44
      38
      42
      37
      45
      44
      45
      38
      49
      40
      37
      48
      53
      30
      44
      51
      43
      42
      41
      47
      51
      38
      47
      34
      47
      63
      40
      33
      39
      44
      38
      31
      41
      35
      46
      38
      33
      42
      60
      38
      38
      45
      38
      35
      39
      57
      53
      46
      44
      45
      59
      39
      45
      48
      54
      43
      31
      33
      45
      42
      54
      50
      45
      44
      57
      39
      49
      44
      41
      41
      37
      35
      49
      48
      44
      44
      37
      30
      42
      36
      36
      45
      45
      54
      40
      39
      35
      48
      46
      37
      44
      42
      40
      36
      38
      49
      31
      39
      39
      49
      46
      41
      48
      42
      33
      38
      43
      38
      37
      35
      51
      32
      43
      50
      33
      30
      49
      45
      40
      35
      40
      41
      46
      59
      49
      45
      36
      43
      50
      46
      39
      34
      43
      42
      40
      42
      41
      49
      47
      55
      46
      36
      45
      37
      61
      48
      34
      34
      33
      43
      49
      49
      41
      39
      45
      54
      49
      41
      45
      40
      53
      44
      38
      39
      33
      35
      31
      32
      57
      43
      32
      41
      53
      51
      33
      39
      50
      38
      40
      37
      42
      49
      42
      44
      38
      45
      39
      40
      39
      36
      57
      36
      41
      45
      54
      34
      43
      45
      45
      45
      38
      52
      49
      36
      50
      41
      34
      42
      36
      38
      55
      51
      32
      41
      38
      30
      53
      38
      36
      38
      41
      34
      36
      42
      38
      43
      39
      26
      40
      35
      44
      45
      46
      37
      37
      40
      32
      50
      56
      35
      36
      52
      50
      47
      53
      35
      45
      39
      42
      39
      37
      41
      36
      39
      36
      36
      29
      37
      34
      45
      54
      31
      45
      42
      45
      41
      39
      41
      43
      43
      61
      31
      37
      60
      47
      42
      44
      37
      37
      40
      41
      36
      42
      33
      37
      47
      39
      40
      30
      54
      45
      39
      43
      35
      31
      42
      47
      42
      33
      41
      38
      33
      47
      35
      37
      50
      45
      44
      45
      32
      38
      39
      36
      51
      38
      42
      46
      37
      50
      43
      52
      37
      51
      46
      34
      41
      42
      44
      36
      41
      34
      38
      33
      39
      37
      45
      35
      46
      45
      44
      47
      41
      30
      38
      32
      44
      48
      40
      41
      56
      28
      43
      40
      33
      30
      46
      40
      40
      41
      43
      42
      40
      47
      43
      33
      50
      44
      36
      42
      52
      44
      44
      37
      30
      38
      44
      42
      30
      42
      34
      50
      36
      54
      43
      47
      43
      38
      49
      41
      45
      44
      57
      43
      48
      51
      42
      41
      38
      39
      41
      54
      50
      43
      43
      43
      38
      33
      41
      61
      46
      44
      43
      44
      44
      52
      51
      44
      41
      50
      53
      50
      44
      47
      41
      49
      36
      39
      43
      35
      46
      41
      35
      36
      38
      29
      46
      34
      40
      37
      34
      46
      41
      44
      51
      50
      29
      36
      38
      45
      38
      29
      33
      43
      36
      34
      36
      47
      34
      48
      38
      30
      35
      25
      36
      46
      41
      51
      35
      39
      47
      29
      28
      45
      41
      38
      42
      39
      31
      42
      42
      53
      50
      37
      53
      44
      41
      47
      35
      48
      41
      41
      40
      50
      46
      30
      46
      41
      36
      27
      41
      30
      37
      32
      34
      38
      39
      39
      26
      47
      46
      29
      44
      38
      36
      33
      43
      45
      43
      33
      44
      41
      26
      44
      40
      28
      41
      39
      37
      39
      33
      33
      35
      28
      27
      42
      48
      27
      39
      43
      54
      35
      29
      56
      41
      42
      42
      53
      35
      38
      42
      40
      25
      35
      38
      34
      35
      45
      40
      34
      36
      35
      43
      38
      36
      37
      47
      44
      45
      29
      38
      38
      42
      39
      51
      43
      36
      37
      51
      33
      28
      35
      21
      28
      30
      31
      30
      44
      41
      49
      44
      38
      31
      35
      35
      39
      30
      34
      44
      38
      36
      26
      35
      48
      42
      31
      42
      38
      36
      38
      29
      41
      36
      35
      25
      34
      35
      56
      32
      31
      34
      35
      42
      40
      41
      39
      41
      32
      37
      47
      49
      29
      49
      35
      39
      39
      29
      38
      29
      30
      39
      35
      38
      31
      44
      36
      40
      33
      30
      32
      30
      23
      31
      41
      40
      44
      44
      33
      42
      44
      50
      45
      24
      38
      41
      34
      24
      43
      38
      31
      35
      37
      28
      37
      45
      35
      39
      33
      41
      33
      40
      32
      43
      21
      36
      53
      50
      38
      45
      40
      51
      47
      46
      43
      36
      37
      33
      29
      49
      47
      54
      47
      51
      38
      41
      29
      37
      49
      44
      43
      34
      34
      61
      36
      43
      39
      33
      38
      44
      33
      33
      34
      46
      45
      55
      34
      33
      39
      32
      53
      43
      48
      38
      32
      49
      40
      39
      36
      33
      55
      51
      44
      53
      46
      34
      45
      34
      38
      41
      45
      33
      37
      39
      38
      29
      36
      32
      42
      36
      35
      35
      43
      46
      37
      42
      34
      48
      36
      35
      40
      41
      40
      36
      37
      47
      37
      35
      29
      33
      25
      35
      41
      38
      35
      32
      58
      30
      31
      42
      30
      31
      37
      29
      41
      33
      35
      30
      30
      38
      42
      40
      36
      39
      43
      37
      32
      35
      38
      44
      31
      33
      36
      35
      41
      36
      36
      35
      37
      38
      29
      41
      37
      38
      30
      42
      31
      46
      47
      38
      39
      40
      46
      30
      49
      40
      32
      33
      34
      30
      45
      44
      41
      45
      38
      37
      30
      40
      33
      39
      45
      37
      26
      43
      31
      32
      29
      31
      29
      46
      38
      33
      40
      38
      31
      35
      34
      46
      49
      43
      42
      33
      37
      44
      34
      37
      42
      41
      38
      36
      34
      46
      30
      46
      34
      40
      39
      38
      37
      29
      46
      45
      27
      30
      33
      35
      38
      38
      35
      32
      34
      35
      37
      51
      48
      39
      41
      30
      41
      37
      43
      41
      35
      21
      30
      33
      38
      40
      38
      30
      39
      24
      36
      47
      41
      32
      54
      32
      32
      39
      31
      34
      51
      36
      45
      39
      29
      37
      38
      48
      42
      39
      47
      49
      32
      54
      38
      35
      57
      47
      29
      48
      46
      50
      47
      36
      41
      34
      39
      42
      54
      43
      51
      39
      56
      49
      46
      45
      54
      52
      51
      54
      38
      48
      47
      36
      40
      38
      37
      35
      34
      50
      44
      41
      50
      35
      45
      43
      48
      48
      28
      40
      40
      44
      35
      42
      39
      35
      29
      35
      33
      43
      41
      51
      37
      36
      41
      38
      43
      33
      48
      33
      39
      52
      37
      45
      42
      45
      31
      54
      29
      41
      47
      45
      43
      43
      39
      44
      40
      39
      38
      35
      49
      42
      47
      48
      37
      52
      46
      44
      56
      26
      43
      51
      48
      49
      43
      48
      47
      55
      40
      42
      37
      37
      38
      27
      38
      41
      43
      45
      31
      52
      38
      53
      47
      51
      42
      47
      55
      54
      47
      32
      47
      43
      41
      46
      44
      36
      50
      35
      39
      49
      46
      47
      42
      35
      48
      42
      44
      45
      45
      51
      47
      43
      41
      40
      45
      41
      47
      47
      42
      39
      42
      42
      38
      55
      46
      40
      57
      48
      37
      37
      47
      54
      52
      49
      50
      51
      40
      41
      45
      45
      44
      46
      51
      54
      34
      62
      56
      48
      53
      41
      56
      37
      49
      42
      57
      50
      53
      60
      57
      51
      50
      49
      44
      58
      54
      44
      44
      52
      44
      55
      44
      46
      58
      55
      52
      48
      58
      50
      59
      73
      50
      51
      56
      55
      67
      57
      57
      41
      57
      53
      50
      58
      45
      44
      55
      56
      39
      57
      43
      42
      46
      46
      42
      43
      51
      44
      44
      49
      41
      52
      37
      42
      45
      33
      37
      43
      37
      35
      42
      41
      31
      30
      44
      41
      39
      33
      41
      42
      30
      33
      26
      30
      21
      39
      29
      32
      39
      37
      42
      31
      44
      40
      32
      26
      29
      35
      30
      31
      35
      35
      49
      28
      36
      28
      35
      27
      32
      32
      28
      27
      32
      27
      23
      28
      24
      34
      26
      33
      24
      34
      24
      32
      35
      34
      30
      29
      20
      33
      24
      21
      33
      31
      35
      33
      23
      27
      23
      33
      28
      27
      29
      32
      39
      32
      31
      22
      26
      26
      27
      31
      25
      37
      21
      24
      25
      19
      33
      29
      26
      24
      29
      16
      28
      30
      26
      25
      29
      19
      30
      27
      31
      18
      22
      22
      21
      23
      24
      21
      36
      34
      30
      31
      17
      26
      23
      26
      26
      21
      20
      19
      30
      29
      22
      22
      27
      22
      35
      21
      28
      19
      18
      17
      30
      22
      35
      26
      25
      16
      20
      25
      28
      19
      16
      26
      21
      15
      21
      25
      24
      22
      18
      26
      24
      21
      21
      17
      25
      21
      23
      17
      16
      22
      19
      14
      20
      21
      22
      17
      20
      22
      23
      16
      22
      27
      18
      19
      24
      15
      19
      12
      12
      21
      11
      18
      20
      16
      18
      14
      16
      15
      15
      15
       8
      17
      20
      18
      15
      12
      15
      16
      21
      19
      13
       5
       9
      18
      16
       7
      16
      20
      12
      19
      19
      21
      13
      13
      10
      13
      18
      13
       9
      17
       6
      17
      20
      10
      16
      12
      17
      12
      17
       8
      13
      18
      17
      19
       7
      15
       9
      11
      15
      10
      10
       8
       7
       6
       5
      12
      12
      14
      12
      12
      14
      16
      20
      11
      14
      14
      14
      14
       8
       6
      10
       5
       9
      13
       7
       7
       9
      12
      10
      11
      12
       9
       6
      10
       5
       8
      13
       8
       4
      14
       8
       6
      11
       8
       8
       7
      11
      11
       6
       7
       9
       9
       7
      11
      12
      11
       7
       9
       6
       9
      10
      11
      10
      11
       5
      10
       8
       8
       8
      12
       7
       8
       6
       7
       7
      13
      13
      10
       6
       8
      11
       6
       5
      13
       7
       7
       5
       4
      13
       7
      11
       6
       7
      10
       7
       9
       8
       8
       7
      14
       6
       5
       5
       5
      12
       7
       7
       8
      10
       8
       8
      11
       9
       5
       5
       9
       5
       2
      11
       9
       7
       7
       9
       6
       8
      10
       6
       9
       9
       9
       2
       9
       9
       8
       8
      11
       4
      14
      15
       8
      10
      10
       8
      11
       8
       6
      13
      10
       7
       8
      10
       9
      14
      12
       5
      11
      10
       7
       5
       7
       3
      12
       6
      11
      17
       5
      17
       9
       5
       9
      10
       6
       7
       3
       4
       8
      11
      12
       2
       8
       6
       5
       6
       7
       4
       7
       9
       5
       7
       8
       9
       5
       9
       9
       5
       6
       5
       8
       7
       4
       7
       4
      12
       6
       7
       4
       5
       4
      10
      10
       5
      16
       5
       5
       5
      10
       4
       6
      10
       6
      11
       5
       9
      10
       5
      11
      13
       8
       7
       6
       9
      11
       9
       9
      12
      13
      15
       9
      13
      11
      13
      16
      10
      11
      15
      21
      20
      15
      23
      18
      13
      22
      22
      20
      30
      30
      38
      34
      42
      42
      31
      57
      38
      46
      61
      50
      56
      65
      53
      64
      79
      86
      84
      91
     100
     111
     131
     117
     128
     125
     132
     157
     150
     152
     214
     212
     266
     253
     314
     299
     307
     332
     326
     367
     321
     350
     337
     335
     346
     344
     340
     326
     329
     321
     297
     307
     296
     297
     277
     288
     254
     219
     184
     160
     158
     123
     101
      71
      50
      28
      16
       8
       9
       1
       3
       5
       1
       1
       1
       0
       3
       1
       3
       2
       2
       1
       0
       0
       2
       0
       1
       1
       3
       0
       2
       1
       1
       2
       3
       3
       1
       0
       0
       3
       2
       1
       3
       0
       0
       0
       0
       0
       3
       0
       1
       0
       1
       3
       2
       0
       1
       0
       1
       0
       1
       2
       2
       0
       0
       1
       0
       1
       3
       0
       0
       1
       1
       0
       1
       1
       0
       1
       1
       0
       4
       0
       2
       0
       3
       1
       0
       0
       0
       1
       0
       1
       1
       1
       1
       0
       1
       0
       1
       2
       1
       0
       1
       3
       1
       0
       0
       1
       3
       1
       1
       4
       0
       0
       0
       1
       1
       1
       0
       1
       1
       0
       1
       0
       0
       0
       0
       0
       0
       1
       0
       1
       1
       2
       0
       1
       0
       3
       0
       1
       0
       0
       1
       1
       0
       0
       1
       1
       0
       1
       0
       2
       0
       1
       1
       3
       1
       1
       1
       1
       1
       1
       0
       0
       1
       2
       0
       0
       0
       0
       0
       1
       1
       0
       0
       0
       0
       0
       1
       0
       0
       0
       1
       0
       0
       0
       0
       0
       2
       1
       1
       1
       1
       1
       1
       1
       1
       0
       1
       0
       0
       0
       0
       1
       0
       1
       1
       2
       0
       0
       0
       0
       1
       2
       3
       0
       2
       1
       1
       1
       1
       0
       0
       1
       2
       2
       3
       0
       1
       3
       0
       0
       1
       3
       0
       1
       1
       1
       0
       2
       5
       2
       3
       1
       1
       2
       3
       3
       6
       5
       5
       2
       5
      13
      13
      12
      11
      23
      11
      15
      21
      25
      27
      22
      16
      29
      22
      31
      33
      18
      18
      21
      27
      29
      23
      33
      26
      25
      27
      13
      19
      28
      20
      12
      20
      16
      11
      11
       9
       9
       4
       4
       3
       1
       1
       2
       0
       3
       0
       0
       0
       1
       2
       0
       1
       0
       0
       1
       1
       2
       2
       1
       1
       0
       1
       0
       0
       0
       0
       0
       1
       0
       0
       0
       1
       2
       1
       0
       0
       1
       0
       0
       2
       0
       0
       0
       1
       0
       0
       0
       2
       1
       0
       1
       1
       1
       0
       0
       0
       1
       0
       1
       0
       1
       1
       0
       1
       0
       1
       2
       0
       0
       0
       0
       1
       0
       1
       3
       0
       1
       0
       0
       0
       1
       0
       0
       1
       1
       0
       1
       1
       0
       1
       0
       0
       2
       0
       2
       1
       0
       0
       1
       0
       0
       0
       2
       0
       0
       0
       0
       0
       2
       1
       0
       1
       0
       0
       0
       1
       1
       0
       1
       0
       1
       0
       0
       0
       0
       0
       0
       2
       1
       3
       0
       0
       0
       0
       0
       1
       1
       1
       0
       0
       0
       1
       0
       0
       0
       0
       0
       2
       1
       1
       0
       0
       0
       1
       0
       0
       1
       0
       1
       0
       0
       1
       0
       1
       0
       0
       0
       0
       0
       0
       0
       0
       0
       0
       0
       0
       0
       0
       0
       0
       0
       0
       1
       0
       0
       1
       0
       0
       0
       0
       0
       0
       0
       0
       0
       1
       1
       0
       0
       0
       0
       1
       0
       0
       0
       0
       0
       1
       0
       2
       0
       0
       1
       0
       0
       2
       0
       2
       0
       0
       0
       1
       0
       0
       1
       0
       0
       1
       0
       0
       0
       1
       0
       0
       2
       0
       0
       0
       0
       0
       0
       0
       1
       0
       0
       0
       0
       1
       0
       0
       0
       0
       0
       0
       0
       1
       0
       0
       0
       1
       0
       0
       1
       0
       0
       1
       0
       0
       1
       0
       0
       1
       0
       0
       0
       1
       2
       1
       0
       1
       0
       0
       2
       0
       1
       1
       1
       0
       0
       1
       0
       0
       0
       0
       0
       0
       0
       0
       0
       2
       0
       1
       0
       1
       0
       0
       0
       1
       0
       0
       1
       0
       1
       0
       0
       0
       0
       1
       0
       0
       0
       0
       0
       0
       1
       0
       0
       0
       1
       0
       0
       0
       0
       0
       0
       0
       0
       0
       1
       0
       1
       2
       0
       0
       1
       0
       0
       0
       0
       0
       1
       0
       0
       0
       0
       0
       2
       0
       0
       0
       0
       0
       2
       0
       0
       0
       0
       1
       1
       0
       1
       1
       0
       0
       1
       0
       1
       1
       0
       0
       0
       1
       0
       2
       0
       0
       2
       1
       0
       0
       1
       0
       0
       0
       0
       0
       0
       0
       0
       0
       1
       0
       0
       0
       0
       0
       0
       0
       0
       0
       0
       0
       0
       0
       0
       0
       0
       0
       2
       0
       0
       0
       0
       0
       0
       0
       1
       0
       1
       0
       2
       1
       0
       1
       0
       0
       0
       0
       1
       0
       0
       0
       0
       0
       0
       0
       0
       0
       0
       0
       0
       0
       1
       1
       0
       0
       0
       0
       0
       0
       0
       0
       0
       0
       0
       0
       1
       1
       0
       0
       0
       0
       0
       0
       0
       0
       0
       0
       0
       0
       1
       1
       0
       1
       1
       0
       0
       0
       0
       0
       0
       0
       0
       0
       1
       0
       0
       0
       0
       0
       0
       0
       0
       0
       0
       0
       0
       0
       0
       0
       0
       1
       0
       1
       0
       0
       0
       0
       1
       0
       0
       0
       1
       0
       0
       0
       0
       0
       0
       0
       0
       0
       0
       0
       0
       1
       0
       1
       0
       1
       1
       0
       0
       0
       0
       0
       0
       0
       0
       0
       0
       0
       0
       0
       1
       0
       0
       0
       0
       0
       0
       0
       0
       1
       1
       0
       0
       0
       2
       0
       0
       0
       0
       0
       1
       0
       0
       0
       0
       0
       0
       1
       0
       0
       0
       2
       1
       0
       0
       1
       0
       1
       0
       0
       0
       0
       0
       0
       0
       0
       0
       0
       0
       0
       1
       1
       0
       0
       0
       0
       1
       0
       0
       0
       0
       0
       0
       1
       0
       0
       0
       0
       0
       1
       0
       0
       0
       1
       0
       0
       0
       1
       2
       0
       1
       0
       0
       0
       1
       1
       0
       0
       0
       0
       0
       0
       1
       0
       0
       0
       1
       0
       0
       0
       0
       0
       1
       0
       0
       0
       0
       0
       0
       1
       0
       0
       0
       0
       0
       0
       0
       0
       0
       0
       0
       0
       0
       0
       1
       0
       0
       0
       0
       0
       0
       0
       0
       0
       0
       1
       0
       0
       1
       1
       0
       1
       0
       0
       0
       0
       0
       0
       0
       0
       0
       1
       0
       0
       0
       0
       0
       0
       0
       0
       0
       0
       0
       0
       0
       0
       1
       0
       2
       0
       0
       0
       0
       0
       0
       0
       0
       0
       0
       0
       0
       0
       0
       0
       0
       0
       0
       0
       0
       0
       0
       1
       0
       0
       0
       1
       1
       0
       0
       0
       0
       0
       0
       0
       0
       0
       0
       0
       0
       0
       0
       0
       1
       0
       2
       0
       0
       1
       0
       0
       0
       1
       1
       1
       1
       0
       0
       0
       1
       0
       0
       0
       0
       0
       1
       1
       0
       0
       0
       0
       0
       0
       2
       0
       0
       0
       0
       0
       0
       0
       0
       0
       0
       0
       0
       0
       0
       0
       0
       0
       1
       0
       0
       0
       0
       0
       0
       0
       0
       0
       0
       1
       0
       0
       0
       0
       0
       0
       1
       0
       2
       0
       0
       1
       0
       0
       0
       0
       0
       0
       0
       0
       0
       0
       0
       1
       0
       1
       1
       0
       0
       0
       0
       0
       0
       0
       0
       0
       1
       0
       0
       0
       0
       0
       0
       0
       0
       0
       0
       1
       0
       0
       0
       0
       0
       1
       0
       0
       0
       0
       0
       0
       0
       0
       0
       0
       0
       0
       0
       0
       0
       1
       0
       1
       0
       0
       0
       0
       0
       1
       0
       1
       0
       0
       0
       1
       0
       0
       1
       0
       0
       0
       0
       0
       0
       0
       0
       0
       0
       1
       0
       0
       0
       0
       0
       0
       0
       0
       0
       0
       1
       0
       0
       0
       0
       0
       0
       0
       0
       0
       0
       0
       0
       0
       1
       0
       0
       0
       0
       0
       0
       1
       0
       0
       0
       0
       0
       0
       0
       0
       0
       0
       1
       0
       0
       1
       0
       0
       0
       0
       0
       0
       0
       0
       0
       0
       0
       0
       0
       0
       0
       0
       1
       0
       0
       0
       0
       0
       0
       0
       0
       0
       0
       0
       0
       0
       1
       0
       0
       0
       0
       0
       0
       0
       0
       0
       0
       0
       0
       0
       0
       0
       0
       0
       0
       0
       1
       0
       0
       0
       0
       0
       0
       0
       0
       0
       0
       0
       0
       0
       0
       0
       1
       0
       0
       0
       0
       0
       1
       0
       0
       1
       0
       0
       1
       0
       0
       0
       0
       0
       0
       0
       1
       0
       0
       0
       0
       0
       0
       0
       0
       0
       0
       0
       0
       0
       0
       0
       0
       0
       0
       0
       0
       1
       1
       1
       0
       0
       0
       0
       0
       0
       0
       0
       0
       0
       0
       0
       0
       0
       0
       0
       0
       0
       1
       1
       0
       0
       0
       0
       0
       0
       0
       0
       0
       1
       0
       0
       0
       0
       0
       0
       1
       0
       0
       0
       0
       0
       0
       0
       0
       0
       0
       0
       1
       0
       0
       0
       0
       1
       0
       0
       0
       0
       0
       0
       0
       0
       0
       1
       0
       0
       0
       0
       0
       0
       0
       0
       0
       0
       0
       0
       0
       0
       0
       0
       0
       0
       0
       0
       0
       0
       0
       0
       0
       0
       0
       0
       0
       0
       1
       0
       0
       0
       0
       0
       0
       0
       0
       0
       0
       0
       0
       0
       1
       0
       0
       0
       0
       0
       0
       0
       2
       3
       0
       1
       1
       0
       0
       1
       1
       1
       0
       0
       1
       0
       0
       1
       1
       0
       0
       0
       0
       0
       1
       0
       0
       0
       2
       0
       0
       0
       0
       1
       0
       1
       0
       0
       0
       0
       1
       2
       0
       0
       0
       0
       1
       0
       0
       1
       1
       1
       0
       0
       0
       0
       1
       1
       0
       0
       0
       1
       1
       0
       1
       1
       0
       0
       0
       0
       0
       0
       1
       0
       0
       0
       1
       1
       1
       0
       0
       2
       1
       2
       0
       1
       0
       0
       0
       0
       0
       0
       0
       2
       1
       0
       0
       4
       0
       1
       0
       1
       0
       0
       0
       0
       0
       1
       0
       1
       1
       0
       0
       0
       0
       1
       0
       0
       0
       0
       1
       0
       0
       0
       0
       0
       0
       0
       0
       0
       1
       0
       0
       0
       1
       0
       0
       1
       0
       0
       0
       0
       0
       0
       1
       0
       0
       1
       0
       0
       1
       0
       1
       1
       0
       0
       0
       1
       0
       0
       0
       0
       1
       0
       0
       0
       1
       0
       0
       0
       0
       0
       0
       0
       1
       0
       0
       0
       0
       0
       0
